[[0.17224431834501747,0.0458409959987919,0.03004076439868174,0.03730913230324836,0.008408612563107704,0.0115706382534532],[0.0458409959987919,0.1559532193163419,0.02552907708313002,0.029235374206587228,0.014044882357715918,0.016585034376533418],[0.03004076439868174,0.02552907708313002,0.06868670665584585,0.035142422311870036,0.035794235832038925,0.03838740790534374],[0.03730913230324836,0.029235374206587228,0.035142422311870036,0.05881820589311994,0.02554212675769885,0.029395119180540868],[0.008408612563107704,0.014044882357715918,0.035794235832038925,0.02554212675769885,0.07240158198686102,0.06175043300979168],[0.0115706382534532,0.016585034376533418,0.03838740790534374,0.029395119180540868,0.06175043300979168,0.07703294554029232]]